pt_low pt_high eta_low eta_high correction unc_up       unc_down
20.0   25.0    0.0000  0.8000   0.411053   1.364248e-03 1.364248e-03
25.0   30.0    0.0000  0.8000   0.653261   8.439484e-09 8.439484e-09
30.0   35.0    0.0000  0.8000   0.800633   7.432803e-10 7.432803e-10
35.0   40.0    0.0000  0.8000   0.910912   2.300676e-09 2.300676e-09
40.0   50.0    0.0000  0.8000   0.921318   4.888292e-07 4.888292e-07
50.0   100.0   0.0000  0.8000   0.941927   2.737591e-04 2.737591e-04
100.0  200.0   0.0000  0.8000   0.968013   1.022868e-03 1.022868e-03
20.0   25.0    0.8000  1.4442   0.373527   1.632556e-03 1.632556e-03
25.0   30.0    0.8000  1.4442   0.656688   1.107737e-03 1.107737e-03
30.0   35.0    0.8000  1.4442   0.845151   6.104323e-04 6.104323e-04
35.0   40.0    0.8000  1.4442   0.896931   3.630279e-04 3.630279e-04
40.0   50.0    0.8000  1.4442   0.928621   1.738254e-06 1.738254e-06
50.0   100.0   0.8000  1.4442   0.997214   1.173683e-08 1.173683e-08
100.0  200.0   0.8000  1.4442   0.970866   1.173122e-03 1.173122e-03
20.0   25.0    1.4442  1.5660   0.365348   6.603080e-03 6.603080e-03
25.0   30.0    1.4442  1.5660   0.595617   4.949877e-03 4.949877e-03
30.0   35.0    1.4442  1.5660   0.759458   2.970319e-03 2.970319e-03
35.0   40.0    1.4442  1.5660   0.837766   2.073938e-05 2.073938e-05
40.0   50.0    1.4442  1.5660   0.879851   2.223090e-05 2.223090e-05
50.0   100.0   1.4442  1.5660   0.896277   1.788248e-03 1.788248e-03
100.0  200.0   1.4442  1.5660   0.936809   4.145281e-03 4.145281e-03
20.0   25.0    1.5660  2.0000   0.380813   2.668063e-03 2.668063e-03
25.0   30.0    1.5660  2.0000   0.622946   1.790362e-03 1.790362e-03
30.0   35.0    1.5660  2.0000   0.792045   1.031052e-03 1.031052e-03
35.0   40.0    1.5660  2.0000   0.862546   6.116895e-04 6.116895e-04
40.0   50.0    1.5660  2.0000   0.939699   1.242928e-04 1.242928e-04
50.0   100.0   1.5660  2.0000   0.917447   7.047925e-04 7.047925e-04
100.0  200.0   1.5660  2.0000   0.945052   2.654572e-03 2.654572e-03
20.0   25.0    2.0000  2.5000   0.423398   2.690725e-03 2.690725e-03
25.0   30.0    2.0000  2.5000   0.668388   4.197075e-03 4.197075e-03
30.0   35.0    2.0000  2.5000   0.702608   1.144912e-03 1.144912e-03
35.0   40.0    2.0000  2.5000   0.761168   7.066391e-05 7.066391e-05
40.0   50.0    2.0000  2.5000   0.806910   4.065119e-04 4.065119e-04
50.0   100.0   2.0000  2.5000   0.848373   1.209220e-03 1.209220e-03
100.0  200.0   2.0000  2.5000   0.923051   3.669533e-03 3.669533e-03
